      0/99     3.34G   0.06826   0.06671   0.09599     0.231       136       640   0.03557    0.3248   0.05203   0.02895   0.03848   0.04024   0.08954
      1/99     3.77G   0.04693   0.04954   0.08833    0.1848       136       640   0.07798    0.3618    0.1185   0.06732   0.03279   0.03334   0.08235
      2/99     3.77G   0.04118   0.04644   0.08085    0.1685       131       640     0.176    0.3753    0.2442    0.1264   0.03306    0.0332   0.07156
      3/99     3.77G   0.04043   0.04558   0.06923    0.1552       136       640    0.6545    0.3547    0.4258    0.2681   0.02984   0.03351   0.05857
      4/99     3.77G   0.03714    0.0441   0.05419    0.1354       112       640    0.8466    0.4985    0.6308    0.4356   0.02548    0.0301   0.04152
      5/99     3.77G   0.03554    0.0426   0.04208    0.1202        70       640    0.8831    0.6248    0.7524    0.5203   0.02601   0.02959   0.03171
      6/99     3.77G   0.03453   0.04141   0.03366    0.1096       119       640    0.7873    0.7944    0.8338    0.5704   0.02678     0.029   0.02395
      7/99     3.77G   0.03338   0.04052   0.02704    0.1009       115       640    0.8183    0.8754    0.8831    0.6527   0.02442   0.02849   0.01838
      8/99     3.77G   0.03271   0.04058   0.02301   0.09631       142       640    0.8801    0.8842    0.9136    0.6758   0.02345   0.02765   0.01569
      9/99     3.77G   0.03173   0.04034   0.02011   0.09217       130       640    0.8982    0.9256    0.9482    0.7015   0.02277    0.0274   0.01277
     10/99     3.77G   0.03123   0.03993   0.01766   0.08883       122       640    0.9125    0.9327    0.9535    0.7339   0.02154   0.02683   0.01153
     11/99     3.77G   0.02987   0.03883   0.01593   0.08462       155       640    0.9241    0.9374    0.9609    0.7299   0.02252   0.02744     0.011
     12/99     3.77G   0.02991   0.03909   0.01481   0.08381        83       640    0.9531    0.9416    0.9702    0.7416   0.02215   0.02669  0.009916
     13/99     3.77G   0.02925   0.03842   0.01384   0.08151       105       640     0.974    0.9468     0.981    0.7581   0.02097   0.02626  0.008345
     14/99     3.77G   0.02887   0.03776   0.01275   0.07939       108       640    0.9654    0.9589    0.9834    0.7597   0.02118   0.02643  0.008228
     15/99     3.77G   0.02848   0.03773   0.01205   0.07825       121       640    0.9816    0.9487    0.9814    0.7619    0.0212   0.02626  0.007227
     16/99     3.77G   0.02859   0.03811    0.0115    0.0782       118       640     0.969    0.9591    0.9847    0.7715   0.02082   0.02607  0.007254
     17/99     3.77G   0.02777   0.03743   0.01091   0.07611       123       640    0.9799    0.9684    0.9857    0.7809   0.01989    0.0257   0.00636
     18/99     3.77G   0.02749   0.03655   0.01056    0.0746       151       640    0.9781    0.9657    0.9866    0.7769   0.01984   0.02605  0.006372
     19/99     3.77G   0.02696   0.03629   0.01012   0.07338       123       640     0.981    0.9692    0.9868    0.7872   0.01941   0.02511  0.005901
     20/99     3.77G   0.02704   0.03681  0.009767   0.07361       112       640    0.9813    0.9736    0.9871    0.7839   0.01981   0.02568  0.005636
     21/99     3.77G   0.02686    0.0365  0.009452   0.07281       110       640    0.9844    0.9648    0.9863    0.7862   0.01918   0.02498  0.005575
     22/99     3.77G   0.02645    0.0362  0.009341   0.07199       119       640     0.984    0.9671    0.9869      0.79   0.01911   0.02527  0.005506
     23/99     3.77G   0.02592   0.03535  0.008692   0.06996       114       640    0.9873    0.9697    0.9896    0.7941   0.01923   0.02479  0.005137
     24/99     3.77G   0.02609   0.03639  0.008768   0.07125        92       640    0.9873    0.9689    0.9885    0.7988   0.01889   0.02465  0.005046
     25/99     3.77G   0.02567   0.03539  0.008419   0.06947       126       640    0.9781    0.9668    0.9878    0.7955   0.01898   0.02481  0.005182
     26/99     3.77G   0.02562   0.03539  0.008168   0.06918       141       640    0.9881    0.9731    0.9903    0.7997   0.01834   0.02415  0.004825
     27/99     3.77G   0.02542   0.03521  0.008054   0.06868       111       640     0.983    0.9756     0.989    0.8037   0.01826   0.02425  0.004731
     28/99     3.77G   0.02467   0.03526  0.007655   0.06758       119       640    0.9814     0.976    0.9893    0.8077    0.0183   0.02428  0.004491
     29/99     3.77G    0.0247   0.03487  0.007643   0.06722       113       640      0.98    0.9708    0.9901    0.8049   0.01861   0.02428  0.004642
     30/99     3.77G   0.02471   0.03447  0.007468   0.06665       132       640    0.9874    0.9762    0.9893    0.8107   0.01771   0.02353  0.004487
     31/99     3.77G   0.02451   0.03407  0.007431   0.06601        84       640    0.9853     0.972    0.9888    0.8115   0.01799   0.02386  0.004327
     32/99     3.77G    0.0245   0.03435  0.007308   0.06616       138       640    0.9852    0.9792    0.9899    0.8114   0.01776   0.02378  0.004169
     33/99     3.77G    0.0243   0.03439  0.007136   0.06582       113       640    0.9834     0.975    0.9897    0.8146   0.01762   0.02368   0.00407
     34/99     3.77G   0.02422   0.03421  0.007036   0.06546       129       640    0.9865    0.9762    0.9899    0.8172   0.01744   0.02344  0.003914
     35/99     3.77G    0.0236   0.03357  0.006755   0.06393       127       640    0.9872    0.9793    0.9901    0.8147   0.01734   0.02346  0.003997
     36/99     3.77G   0.02342   0.03367  0.006683   0.06377       137       640    0.9849     0.978    0.9909    0.8194   0.01743   0.02338  0.003866
     37/99     3.77G   0.02376   0.03348  0.006825   0.06406       122       640    0.9861     0.981    0.9909    0.8185   0.01736    0.0233   0.00373
     38/99     3.77G   0.02331   0.03348  0.006609    0.0634       144       640    0.9905    0.9784    0.9906    0.8199   0.01719   0.02329  0.003618
     39/99     3.77G   0.02351   0.03372  0.006516   0.06375       136       640    0.9865    0.9808    0.9903    0.8171    0.0172   0.02334  0.003699
     40/99     3.77G   0.02307   0.03301  0.006359   0.06244       115       640    0.9879    0.9787    0.9911    0.8205   0.01726   0.02321  0.003591
     41/99     3.77G   0.02288   0.03297   0.00624   0.06209       127       640    0.9843    0.9783    0.9904    0.8211   0.01706   0.02311  0.003631
     42/99     3.77G   0.02249   0.03272  0.005959   0.06117       155       640    0.9857    0.9817    0.9908    0.8227   0.01688   0.02291  0.003561
     43/99     3.77G   0.02229   0.03215  0.005982   0.06042       116       640    0.9855    0.9804      0.99    0.8237   0.01687   0.02302  0.003495
     44/99     3.77G   0.02222   0.03242  0.005939   0.06058       129       640    0.9855    0.9789    0.9903    0.8265   0.01671   0.02289  0.003386
     45/99     3.77G   0.02226   0.03243  0.005859   0.06055       124       640    0.9883    0.9796    0.9904    0.8259   0.01677   0.02291  0.003339
     46/99     3.77G   0.02241   0.03233  0.005831   0.06057       132       640    0.9909    0.9809    0.9915     0.828   0.01666   0.02285  0.003301
     47/99     3.77G   0.02202   0.03242  0.005715   0.06015        93       640    0.9885    0.9804    0.9911    0.8274   0.01655   0.02263  0.003267
     48/99     3.77G   0.02171   0.03171  0.005495   0.05892       132       640    0.9871    0.9835    0.9912    0.8281   0.01653   0.02274  0.003283
     49/99     3.77G   0.02178   0.03206  0.005518   0.05936       106       640    0.9866    0.9815    0.9916    0.8311    0.0165   0.02268  0.003171
     50/99     3.77G   0.02165   0.03182  0.005417   0.05889        92       640    0.9887    0.9833     0.991    0.8302   0.01641   0.02243  0.003123
     51/99     3.77G   0.02172   0.03177   0.00545   0.05894       118       640    0.9891    0.9833    0.9907    0.8304    0.0165   0.02249  0.002986
     52/99     3.77G   0.02092   0.03116  0.005239   0.05732       127       640    0.9855    0.9807    0.9895    0.8313   0.01642   0.02244  0.003003
     53/99     3.77G   0.02125   0.03138  0.005179   0.05781       126       640    0.9859    0.9827    0.9901    0.8299   0.01641   0.02239  0.003113
     54/99     3.77G   0.02119   0.03153  0.005177    0.0579       118       640    0.9875    0.9847    0.9909     0.832   0.01625   0.02233  0.003031
     55/99     3.77G   0.02104   0.03096  0.005271   0.05727       105       640    0.9891    0.9853    0.9916     0.833   0.01624   0.02252  0.002901
     56/99     3.77G   0.02092   0.03127  0.005117    0.0573       130       640    0.9878    0.9833    0.9915    0.8355   0.01616   0.02242  0.002913
     57/99     3.77G   0.02066   0.03038  0.004858    0.0559       106       640    0.9894    0.9845    0.9914    0.8365   0.01609   0.02222  0.002862
     58/99     3.77G   0.02056   0.03104  0.004886   0.05648       145       640    0.9891    0.9851    0.9912    0.8356   0.01603   0.02226  0.002787
     59/99     3.77G   0.02044   0.03112  0.004766   0.05633       167       640    0.9897    0.9848     0.992    0.8356   0.01607    0.0223  0.002717
     60/99     3.77G   0.02041   0.03041  0.004724   0.05555       135       640    0.9898    0.9824    0.9908    0.8373   0.01597   0.02206  0.002806
     61/99     3.77G   0.02002   0.03029  0.004611   0.05492       102       640    0.9875     0.985    0.9913    0.8365   0.01588   0.02202  0.002636
     62/99     3.77G   0.01999   0.03024  0.004627   0.05487        81       640    0.9899    0.9814    0.9907    0.8381   0.01587   0.02197  0.002684
     63/99     3.77G   0.01984   0.02993   0.00463    0.0544        78       640    0.9884    0.9847    0.9919     0.839   0.01588   0.02183  0.002609
     64/99     3.77G   0.01991      0.03  0.004545   0.05445       132       640     0.989    0.9858    0.9914     0.839   0.01582   0.02185  0.002544
     65/99     3.77G   0.01957   0.03011  0.004364   0.05404        99       640    0.9915    0.9824     0.992    0.8401   0.01574   0.02182  0.002528
     66/99     3.77G   0.01977   0.03002  0.004467   0.05426       160       640      0.99    0.9832    0.9917    0.8412   0.01577   0.02188   0.00257
     67/99     3.77G    0.0195   0.03008   0.00422    0.0538       117       640    0.9893    0.9845    0.9917     0.842   0.01567   0.02176  0.002491
     68/99     3.77G   0.01942   0.02933  0.004359   0.05311       129       640    0.9913    0.9841    0.9907    0.8392   0.01575   0.02189   0.00248
     69/99     3.77G   0.01931   0.02916  0.004198   0.05267        83       640    0.9905    0.9864    0.9919    0.8425   0.01566   0.02177  0.002367
     70/99     3.77G   0.01909   0.02965  0.004212   0.05295       106       640    0.9899    0.9849    0.9919    0.8421   0.01563    0.0217  0.002383
     71/99     3.77G   0.01926   0.02963  0.004224   0.05312       112       640    0.9906    0.9853    0.9916    0.8424    0.0156   0.02181  0.002405
     72/99     3.77G   0.01895    0.0287  0.004083   0.05174       116       640      0.99    0.9853    0.9909    0.8456   0.01547   0.02167  0.002307
     73/99     3.77G   0.01874   0.02895  0.003933   0.05162        92       640    0.9896    0.9851    0.9915    0.8445   0.01551   0.02166  0.002296
     74/99     3.77G   0.01875   0.02901  0.003992   0.05175       148       640    0.9914    0.9842    0.9914    0.8435   0.01552   0.02154  0.002276
     75/99     3.77G   0.01871   0.02907  0.003979   0.05176       137       640    0.9911    0.9855    0.9908    0.8438   0.01549   0.02156  0.002266
     76/99     3.77G   0.01863   0.02862  0.003905   0.05116       115       640    0.9897    0.9841    0.9913    0.8442   0.01548   0.02156   0.00229
     77/99     3.77G   0.01836   0.02864  0.003861   0.05085       159       640    0.9908    0.9839    0.9912    0.8441   0.01548   0.02169   0.00221
     78/99     3.77G   0.01828    0.0282  0.003752   0.05023       123       640    0.9902    0.9839    0.9911    0.8444   0.01551    0.0217  0.002219
     79/99     3.77G   0.01815   0.02806  0.003899    0.0501       125       640    0.9902    0.9854    0.9913    0.8441    0.0155   0.02163  0.002173
     80/99     3.77G   0.01807   0.02835  0.003706   0.05013       101       640    0.9909    0.9844    0.9912    0.8442   0.01545   0.02158  0.002138
     81/99     3.77G     0.018   0.02789  0.003706    0.0496       114       640    0.9885    0.9848    0.9907     0.845   0.01547   0.02165  0.002137
     82/99     3.77G    0.0179    0.0282  0.003621   0.04972       137       640    0.9917     0.984     0.991    0.8442   0.01543   0.02172  0.002093
     83/99     3.77G    0.0181   0.02836  0.003674   0.05013       116       640     0.994    0.9821    0.9915    0.8456   0.01543    0.0216  0.002108
     84/99     3.77G   0.01782   0.02816  0.003626    0.0496       111       640     0.992    0.9836    0.9912    0.8458   0.01541   0.02157   0.00209
     85/99     3.77G    0.0176   0.02754  0.003554   0.04869       117       640     0.991    0.9862    0.9918    0.8463   0.01536   0.02154  0.002056
     86/99     3.77G   0.01769   0.02778  0.003575   0.04905       143       640    0.9907    0.9867    0.9915    0.8449   0.01539   0.02168  0.002044
     87/99     3.77G   0.01776    0.0278  0.003523   0.04908        97       640    0.9915     0.985    0.9915    0.8451    0.0154   0.02165  0.002087
     88/99     3.77G   0.01771   0.02806  0.003504   0.04927       116       640     0.989     0.986    0.9923    0.8461   0.01535   0.02162  0.002062
     89/99     3.77G   0.01743    0.0272  0.003375   0.04801       120       640    0.9901    0.9858    0.9919    0.8457   0.01534    0.0216  0.002039
     90/99     3.77G   0.01747   0.02727   0.00342   0.04817       148       640    0.9913    0.9853    0.9923    0.8456   0.01535   0.02162  0.002027
     91/99     3.77G   0.01732   0.02732  0.003359     0.048       112       640    0.9897    0.9862    0.9916    0.8452   0.01532   0.02163  0.002007
     92/99     3.77G   0.01749    0.0273   0.00341    0.0482       113       640    0.9884    0.9844    0.9915    0.8471   0.01531   0.02163  0.002042
     93/99     3.77G    0.0174    0.0273  0.003345   0.04805       108       640    0.9911     0.984    0.9919    0.8459   0.01533   0.02166  0.002055
     94/99     3.77G   0.01725   0.02715  0.003384   0.04779       133       640    0.9926    0.9842    0.9922    0.8466   0.01533   0.02167  0.002015
     95/99     3.77G    0.0171   0.02702  0.003208   0.04732       117       640    0.9903    0.9854    0.9923    0.8465    0.0153   0.02164  0.002022
     96/99     3.77G   0.01712   0.02723  0.003329   0.04768       115       640    0.9891    0.9844    0.9921    0.8474   0.01528   0.02161     0.002
     97/99     3.77G   0.01731   0.02744  0.003357   0.04811       119       640    0.9901    0.9843    0.9917    0.8485   0.01523   0.02153  0.002007
     98/99     3.77G   0.01722   0.02724  0.003339    0.0478       105       640    0.9899     0.983    0.9914    0.8481   0.01525   0.02153  0.002009
     99/99     3.77G   0.01713   0.02732  0.003201   0.04765        85       640    0.9899    0.9826    0.9915    0.8475   0.01525   0.02153  0.001999
